{
  "openings": [
    {
      "id": "E5EDF6C6-8A01-4D92-A641-BC1FC75E989F",
      "dimensions": [
        1.5089936256408691,
        2.379999876022339,
        0
      ],
      "transform": [
        -0.8763852119445801,
        0,
        0.48161083459854126,
        0,
        0,
        0.9999999403953552,
        0,
        0,
        -0.48161080479621887,
        0,
        -0.8763850927352905,
        0,
        7.024866580963135,
        0.1811818778514862,
        2.493256092071533,
        1
      ],
      "category": "opening",
      "confidence": "high"
    },
    {
      "id": "899BDEA9-D345-44EB-84E4-5B8C95870C9F",
      "dimensions": [
        0.8622816801071167,
        2.379999876022339,
        0
      ],
      "transform": [
        -0.876384973526001,
        0,
        0.4816109836101532,
        0,
        0,
        0.9999999403953552,
        0,
        0,
        -0.4816109836101532,
        0,
        -0.8763850927352905,
        0,
        -0.8981186151504517,
        0.1811818778514862,
        6.847273826599121,
        1
      ],
      "category": "opening",
      "confidence": "high"
    }
  ],
  "walls": [
    {
      "id": "D64208A7-221E-47A2-A210-E7173F96D8EC",
      "dimensions": [
        11.935934066772461,
        2.9759998321533203,
        0
      ],
      "transform": [
        0.8763850331306458,
        0,
        -0.48161089420318604,
        0,
        0,
        0.9999999403953552,
        0,
        0,
        0.4816109538078308,
        0,
        0.8763850927352905,
        0,
        -1.2820886373519897,
        0.47918185591697693,
        -2.8916666507720947,
        1
      ],
      "confidence": "high",
      "category": "wall"
    },
    {
      "dimensions": [
        8.719986915588379,
        2.8491175174713135,
        0
      ],
      "id": "612E066E-C59E-47EE-98FE-F6C4444B6ADB",
      "confidence": "high",
      "transform": [
        -0.48161080479621887,
        0,
        -0.8763851523399353,
        0,
        0,
        1,
        0,
        0,
        0.8763851523399353,
        0,
        -0.48161080479621887,
        0,
        -4.412505626678467,
        0.4157406985759735,
        3.803605079650879,
        1
      ],
      "category": "wall"
    },
    {
      "id": "75DAB4D8-C264-45AA-A9A1-61ECF74FC94A",
      "dimensions": [
        5.469514846801758,
        2.9759998321533203,
        0
      ],
      "transform": [
        0.48161089420318604,
        0,
        0.876384973526001,
        0,
        0,
        0.9999999403953552,
        0,
        0,
        -0.8763850927352905,
        0,
        0.4816109240055084,
        0,
        5.265237808227539,
        0.47918185591697693,
        -3.369204521179199,
        1
      ],
      "category": "wall",
      "confidence": "high"
    },
    {
      "id": "EB6365CD-C78D-4C76-AAC1-CA24EDF4BB3F",
      "dimensions": [
        2.707817316055298,
        2.8491175174713135,
        0
      ],
      "transform": [
        0.48161107301712036,
        0,
        0.8763849139213562,
        0,
        0,
        1,
        0,
        0,
        -0.8763849139213562,
        0,
        0.481611043214798,
        0,
        7.522481441497803,
        0.4157406985759735,
        0.6749173402786255,
        1
      ],
      "category": "wall",
      "confidence": "high"
    },
    {
      "dimensions": [
        0.5374081134796143,
        2.8491175174713135,
        0
      ],
      "id": "749B5BFB-A406-4161-A6FA-E7BD25093B3B",
      "confidence": "high",
      "transform": [
        0.8763852715492249,
        0,
        -0.4816106855869293,
        0,
        0,
        1,
        0,
        0,
        0.48161059617996216,
        0,
        0.8763851523399353,
        0,
        6.6349358558654785,
        0.4157406985759735,
        -0.3822174370288849,
        1
      ],
      "category": "wall"
    },
    {
      "dimensions": [
        0.5426557064056396,
        2.8491175174713135,
        0
      ],
      "category": "wall",
      "transform": [
        0.481611967086792,
        0,
        0.8763845562934875,
        0,
        0,
        1,
        0,
        0,
        -0.8763844966888428,
        0,
        0.481611967086792,
        0,
        6.268773078918457,
        0.4157406985759735,
        -0.49059414863586426,
        1
      ],
      "confidence": "high",
      "id": "D4AF2064-9B83-468D-AF1A-5ACA7AC748DF"
    },
    {
      "id": "C0D799B1-A238-4129-95F0-3F11EB31F019",
      "dimensions": [
        0.5068871378898621,
        2.9759998321533203,
        0
      ],
      "confidence": "high",
      "category": "wall",
      "transform": [
        -0.8763850927352905,
        0,
        0.4816107749938965,
        0,
        0,
        0.9999999403953552,
        0,
        0,
        -0.48161080479621887,
        0,
        -0.8763851523399353,
        0,
        6.360212326049805,
        0.47918185591697693,
        -0.8504424691200256,
        1
      ]
    },
    {
      "dimensions": [
        11.96645736694336,
        2.8491175174713135,
        0
      ],
      "id": "EFAD536E-9708-4465-81AA-3B880967EC75",
      "confidence": "high",
      "category": "wall",
      "transform": [
        -0.8763850927352905,
        0,
        0.48161083459854126,
        0,
        0,
        1,
        0,
        0,
        -0.48161086440086365,
        0,
        -0.8763850927352905,
        0,
        2.93092679977417,
        0.4157406985759735,
        4.743050575256348,
        1
      ]
    }
  ],
  "doors": [],
  "windows": [
    {
      "dimensions": [
        5.384052753448486,
        1.4118475914001465,
        0
      ],
      "id": "4C370A22-03AE-4216-A5D2-0C826C266AAE",
      "confidence": "medium",
      "category": "window",
      "transform": [
        0.4816109240055084,
        0,
        0.876384973526001,
        0,
        0,
        1,
        0,
        0,
        -0.876384973526001,
        0,
        0.4816109240055084,
        0,
        5.24465799331665,
        0.791641116142273,
        -3.4066529273986816,
        1
      ]
    },
    {
      "dimensions": [
        2.549008846282959,
        1.4734480381011963,
        0
      ],
      "confidence": "high",
      "transform": [
        0.48161110281944275,
        0,
        0.8763848543167114,
        0,
        0,
        1,
        0,
        0,
        -0.876384973526001,
        0,
        0.4816111624240875,
        0,
        7.538806438446045,
        0.6742918491363525,
        0.704623281955719,
        1
      ],
      "category": "window",
      "id": "82C98863-4ADB-43B1-9B74-2F37C40A5757"
    }
  ],
  "objects": [
    {
      "dimensions": [
        4.041254997253418,
        1.9532809257507324,
        0.4595605134963989
      ],
      "id": "D1905B6A-EC50-4B53-A6A8-683F1F100C99",
      "confidence": "high",
      "transform": [
        -0.48161083459854126,
        0,
        -0.8763850927352905,
        0,
        0,
        1,
        0,
        0,
        0.8763850927352905,
        0,
        -0.48161083459854126,
        0,
        -4.2929301261901855,
        -0.03217759728431702,
        3.5440871715545654,
        1
      ],
      "category": "storage"
    },
    {
      "dimensions": [
        1.7656248807907104,
        0.7702443599700928,
        0.7617965936660767
      ],
      "id": "D46785D4-334C-404E-9F9B-353B7A9C571F",
      "transform": [
        0.876384973526001,
        0,
        -0.4816109240055084,
        0,
        0,
        1,
        0,
        0,
        0.4816109240055084,
        0,
        0.876384973526001,
        0,
        4.547639846801758,
        -0.6236958503723145,
        -1.2899364233016968,
        1
      ],
      "category": "table",
      "confidence": "high"
    },
    {
      "id": "10992B2E-FC2D-427B-B75C-3113F9194A6A",
      "transform": [
        -0.8763852119445801,
        0,
        0.4816106855869293,
        0,
        0,
        1.0000001192092896,
        0,
        0,
        -0.4816107451915741,
        0,
        -0.8763853311538696,
        0,
        -0.06431764364242554,
        -0.6040264368057251,
        5.963740348815918,
        1
      ],
      "category": "table",
      "confidence": "high",
      "dimensions": [
        1.0504261255264282,
        0.8095831274986267,
        0.5954152345657349
      ]
    },
    {
      "transform": [
        -0.8763850927352905,
        0,
        0.48161086440086365,
        0,
        0,
        1,
        0,
        0,
        -0.48161086440086365,
        0,
        -0.8763850331306458,
        0,
        0.020545320585370064,
        -0.6508806943893433,
        -2.4826581478118896,
        1
      ],
      "confidence": "high",
      "category": "table",
      "id": "E413FB29-0480-4705-BEEE-2BB2B1B6AB20",
      "dimensions": [
        1.4282222986221313,
        0.7158746719360352,
        0.532230794429779
      ]
    },
    {
      "id": "6E390009-D8E0-477B-9ED2-87A839010368",
      "confidence": "medium",
      "category": "refrigerator",
      "transform": [
        -0.48161062598228455,
        0,
        -0.8763852715492249,
        0,
        0,
        1.0000001192092896,
        0,
        0,
        0.8763853907585144,
        0,
        -0.4816106855869293,
        0,
        -3.0969080924987793,
        -0.16759327054023743,
        5.558348178863525,
        1
      ],
      "dimensions": [
        0.6174317002296448,
        1.6824495792388916,
        0.6157329678535461
      ]
    },
    {
      "id": "28D81528-E07F-4339-858A-6574E8F50AE0",
      "dimensions": [
        0.6174315214157104,
        1.2623631954193115,
        0.7043457627296448
      ],
      "transform": [
        0.4816111922264099,
        0,
        0.8763849139213562,
        0,
        0,
        1.0000001192092896,
        0,
        0,
        -0.8763850331306458,
        0,
        0.4816112518310547,
        0,
        3.666440010070801,
        -0.37763646245002747,
        -5.204835414886475,
        1
      ],
      "category": "refrigerator",
      "confidence": "low"
    },
    {
      "id": "AF1E5461-CBE5-4A1A-B17E-AEFD08D9B00E",
      "dimensions": [
        0.5876873731613159,
        0.8267198801040649,
        0.5808922052383423
      ],
      "category": "chair",
      "confidence": "low",
      "transform": [
        0.8763847947120667,
        0,
        -0.48161131143569946,
        0,
        0,
        0.9999999403953552,
        0,
        0,
        0.4816112518310547,
        0,
        0.8763847947120667,
        0,
        4.719648838043213,
        -0.5954581499099731,
        -0.060605645179748535,
        1
      ]
    },
    {
      "id": "6B2F5CF6-BA34-4C22-A841-796A13ED8CF2",
      "dimensions": [
        1.9326173067092896,
        0.7803512811660767,
        0.6353783011436462
      ],
      "confidence": "high",
      "transform": [
        -0.8763851523399353,
        0,
        0.48161080479621887,
        0,
        0,
        0.9999999403953552,
        0,
        0,
        -0.4816107451915741,
        0,
        -0.8763850927352905,
        0,
        1.4630696773529053,
        -0.6186424493789673,
        -1.5123698711395264,
        1
      ],
      "category": "table"
    },
    {
      "dimensions": [
        0.7683104276657104,
        0.9805203080177307,
        0.58544921875
      ],
      "id": "45D84A83-4610-4F41-9651-DBDB38DA4EA6",
      "category": "storage",
      "confidence": "low",
      "transform": [
        -0.8763852715492249,
        0,
        0.4816104769706726,
        0,
        0,
        1,
        0,
        0,
        -0.481610506772995,
        0,
        -0.8763852715492249,
        0,
        7.481019020080566,
        -0.5185579061508179,
        1.877402424812317,
        1
      ]
    },
    {
      "id": "376B2A23-5631-46B7-A560-7F31CB894607",
      "dimensions": [
        0.5876872539520264,
        0.8267198801040649,
        0.5808914303779602
      ],
      "category": "chair",
      "confidence": "low",
      "transform": [
        -0.48191404342651367,
        0,
        -0.8762184381484985,
        0,
        0,
        0.9999999403953552,
        0,
        0,
        0.876218318939209,
        0,
        -0.4819139838218689,
        0,
        4.478002548217773,
        -0.5954581499099731,
        0.47741955518722534,
        1
      ]
    },
    {
      "confidence": "high",
      "category": "table",
      "transform": [
        0.48161089420318604,
        0,
        0.876384973526001,
        0,
        0,
        1,
        0,
        0,
        -0.8763850331306458,
        0,
        0.48161089420318604,
        0,
        6.841625213623047,
        -0.6055976152420044,
        0.5277628302574158,
        1
      ],
      "dimensions": [
        1.0436240434646606,
        0.8064408898353577,
        0.7417567372322083
      ],
      "id": "BC156DB6-38EC-435A-95B9-853136D6D4A4"
    },
    {
      "dimensions": [
        1.1160565614700317,
        0.776645302772522,
        0.8845418095588684
      ],
      "id": "CF9BAD09-4D83-45EE-8FDA-820601452CA2",
      "transform": [
        -0.8763844966888428,
        0,
        0.4816119968891144,
        0,
        0,
        1,
        0,
        0,
        -0.4816119968891144,
        0,
        -0.8763844966888428,
        0,
        4.890686988830566,
        -0.6204954385757446,
        0.25063082575798035,
        1
      ],
      "confidence": "high",
      "category": "table"
    },
    {
      "id": "3DF1C5E1-EA55-468A-B542-AD3708FCAA0E",
      "dimensions": [
        0.5357670187950134,
        0.8471641540527344,
        0.5793460607528687
      ],
      "confidence": "low",
      "transform": [
        -0.8765503168106079,
        0,
        0.4813101291656494,
        0,
        0,
        0.9999999403953552,
        0,
        0,
        -0.481310099363327,
        0,
        -0.8765502572059631,
        0,
        3.99932861328125,
        -0.5852359533309937,
        -2.102613925933838,
        1
      ],
      "category": "chair"
    },
    {
      "confidence": "low",
      "category": "storage",
      "transform": [
        0.48161086440086365,
        0,
        0.8763850927352905,
        0,
        0,
        1,
        0,
        0,
        -0.8763850927352905,
        0,
        0.48161083459854126,
        0,
        3.9645259380340576,
        -0.6619137525558472,
        -4.688002586364746,
        1
      ],
      "id": "6836C199-B775-4A00-90E3-F453E49AEED8",
      "dimensions": [
        0.5294191241264343,
        0.6938084959983826,
        0.6394045948982239
      ]
    },
    {
      "id": "B0ACAAF9-8C8B-4B9C-91A1-F53562735ADD",
      "transform": [
        0.8763850331306458,
        0,
        -0.4816109538078308,
        0,
        0,
        1,
        0,
        0,
        0.4816109538078308,
        0,
        0.8763850331306458,
        0,
        3.8123910427093506,
        -0.6220812797546387,
        -2.442782163619995,
        1
      ],
      "confidence": "high",
      "category": "table",
      "dimensions": [
        1.7122917175292969,
        0.7734734416007996,
        0.9501036405563354
      ]
    },
    {
      "id": "8584FA94-4E94-4CF6-B4B1-9EDF56408BC7",
      "category": "chair",
      "confidence": "low",
      "transform": [
        -0.9139173626899719,
        0,
        0.40590009093284607,
        0,
        0,
        0.9999999403953552,
        0,
        0,
        -0.40590009093284607,
        0,
        -0.9139172434806824,
        0,
        3.243640422821045,
        -0.5652750730514526,
        3.1169815063476562,
        1
      ],
      "dimensions": [
        0.5097657442092896,
        0.8870859146118164,
        0.5698244571685791
      ]
    },
    {
      "transform": [
        0.9859704971313477,
        0,
        0.1669190675020218,
        0,
        0,
        0.9999999403953552,
        0,
        0,
        -0.1669190526008606,
        0,
        0.9859704375267029,
        0,
        1.8887203931808472,
        -0.4827252924442291,
        -3.9067914485931396,
        1
      ],
      "category": "chair",
      "confidence": "low",
      "id": "B9A8475D-B4EC-4114-B281-9BEB45B85E22",
      "dimensions": [
        0.5128172636032104,
        1.0521856546401978,
        0.6877442002296448
      ]
    },
    {
      "dimensions": [
        0.6867680549621582,
        1.1760932207107544,
        0.7412109971046448
      ],
      "id": "BEA8AAC0-2C3E-4ED6-9A06-20CD89CFBADB",
      "confidence": "low",
      "category": "chair",
      "transform": [
        -0.8763849139213562,
        0,
        0.48161137104034424,
        0,
        0,
        1,
        0,
        0,
        -0.48161137104034424,
        0,
        -0.8763848543167114,
        0,
        4.67753791809082,
        -0.42077139019966125,
        -1.0535612106323242,
        1
      ]
    },
    {
      "category": "table",
      "confidence": "high",
      "transform": [
        -0.8763851523399353,
        0,
        0.48161065578460693,
        0,
        0,
        0.9999998807907104,
        0,
        0,
        -0.48161059617996216,
        0,
        -0.8763850331306458,
        0,
        3.3186073303222656,
        -0.6275467872619629,
        -3.3843443393707275,
        1
      ],
      "id": "D7D9F9C4-16F7-4867-BCBA-1D3A94B41AF8",
      "dimensions": [
        1.5703349113464355,
        0.7625425457954407,
        0.8636972904205322
      ]
    },
    {
      "confidence": "low",
      "category": "chair",
      "transform": [
        -0.8763845562934875,
        0,
        0.48161184787750244,
        0,
        0,
        0.9999999403953552,
        0,
        0,
        -0.48161178827285767,
        0,
        -0.8763845562934875,
        0,
        5.061725616455078,
        -0.5954580307006836,
        0.5618676543235779,
        1
      ],
      "id": "96A01399-8B47-4861-AC6F-118C854B08D0",
      "dimensions": [
        0.5876870155334473,
        0.8267198801040649,
        0.5808918476104736
      ]
    }
  ],
  "scannedAt": "2026-04-22T12:35:47Z"
}